cmd: ./slow 1000
events: Ir
fl=./csu/../csu/libc-start.c
fn=__libc_start_main@@GLIBC_2.34
128 2
134 3
135 6
138 1
139 2
142 3
143 2
144 11
145 4
242 12
311 3
312 3
337 6
340 2
343 2
350 2
352 2
360 4
fl=./csu/../sysdeps/nptl/libc_start_call_main.h
fn=(below main)
29 9
44 3
46 2
51 2
52 2
55 2
58 6
74 2
fl=./csu/./csu/init-first.c
fn=_init_first
46 4
51 2
55 5
61 1
62 1
63 2
71 2
72 2
fl=./ctype/./ctype/ctype-info.c
fn=__ctype_init
29 1
31 7
33 4
35 4
36 1
fl=./debug/../sysdeps/x86_64/multiarch/ifunc-memmove.h
fn=__memcpy_chk
56 2
57 3
60 3
61 2
74 2
77 2
85 2
93 2
96 5
fn=__memmove_chk
56 2
57 3
60 3
61 2
74 2
77 2
85 2
93 2
96 5
fn=__mempcpy_chk
56 2
57 3
60 3
61 2
74 2
77 2
85 2
93 2
96 5
fl=./debug/../sysdeps/x86_64/multiarch/ifunc-memset.h
fn=__memset_chk
54 5
57 3
58 2
64 2
73 2
75 2
85 2
93 2
96 5
fl=./debug/../sysdeps/x86_64/multiarch/memcpy_chk.c
fn=__memcpy_chk
29 1
fl=./debug/../sysdeps/x86_64/multiarch/memmove_chk.c
fn=__memmove_chk
29 1
fl=./debug/../sysdeps/x86_64/multiarch/mempcpy_chk.c
fn=__mempcpy_chk
29 1
fl=./debug/../sysdeps/x86_64/multiarch/memset_chk.c
fn=__memset_chk
29 1
fl=./debug/./debug/printf_chk.c
fn=__printf_chk
25 49
28 12
32 18
33 12
37 15
fl=./elf/../bits/stdlib-bsearch.h
fn=intel_check_word.constprop.0
27 102
28 51
29 792
31 690
32 370
35 282
37 126
fl=./elf/../elf/dl-tls.c
fn=_dl_add_to_slotinfo
1009 8
1015 1
1018 1
1019 1
1023 3
1057 2
1060 2
1061 3
1064 6
fn=_dl_allocate_tls_init
522 10
523 2
527 2
529 1
530 1
533 2
536 3
548 1
553 17
559 5
562 3
563 2
569 3
570 2
572 10
575 2
576 2
579 2
580 4
582 2
583 2
592 1
600 2
602 8
608 1
614 2
617 2
620 9
fn=_dl_allocate_tls_storage
364 1
368 1
369 1
370 2
373 1
379 2
416 4
418 1
429 1
430 1
431 2
439 6
440 1
444 305
463 1
469 5
fn=_dl_assign_tls_modid
125 2
128 3
141 1
180 1
182 1
185 1
186 2
fn=_dl_count_modids
191 1
193 2
194 1
209 2
fn=_dl_determine_tlsoffset
215 8
216 1
217 1
218 1
221 3
224 2
258 1
260 10
262 5
264 3
265 2
267 2
269 5
280 1
285 8
287 2
288 1
293 1
300 1
301 7
303 2
353 1
354 8
fn=_dl_tls_static_surplus_init
83 3
97 6
100 6
101 5
102 3
104 4
107 1
109 1
111 3
112 5
fl=./elf/../include/list.h
fn=__tls_init_tp
43 2
44 2
45 1
47 1
fl=./elf/../include/rtld-malloc.h
fn=__minimal_calloc
56 8
fn=_dl_allocate_tls_storage
44 2
56 1
fn=_dl_check_map_versions
44 9
fn=_dl_find_object_init
56 2
fn=_dl_important_hwcaps
56 4
fn=_dl_init_paths
56 5
fn=_dl_map_object_deps
56 6
fn=_dl_new_object
44 9
56 6
fn=fillin_rpath.isra.0
50 2
51 1
56 2
fn=init_tls
44 2
fl=./elf/../include/scratch_buffer.h
fn=_dl_map_object_deps
77 2
78 1
85 3
131 8
fl=./elf/../misc/sbrk.c
fn=sbrk
37 5
40 1
58 2
62 2
78 5
fl=./elf/../nptl/nptl-stack.h
fn=__libc_early_init
61 8
fl=./elf/../sysdeps/generic/_itoa.h
fn=_dl_check_map_versions
76 6
fl=./elf/../sysdeps/generic/dl-cache.h
fn=_dl_load_cache_lookup
125 1
194 1
195 5
fl=./elf/../sysdeps/generic/dl-call_tls_init_tp.h
fn=init_tls
31 8
33 1
fl=./elf/../sysdeps/generic/dl-debug.h
fn=dl_main
29 4
30 1
fl=./elf/../sysdeps/generic/dl-hash.h
fn=__rtld_malloc_init_real
43 1
44 1
45 19
48 18
62 24
67 1
72 1
fl=./elf/../sysdeps/generic/dl-new-hash.h
fn=_dl_lookup_symbol_x
69 90
70 180
74 696
77 1392
80 648
81 1296
87 42
88 42
89 84
90 42
99 606
101 606
102 1212
104 606
105 606
fl=./elf/../sysdeps/generic/dl-protected.h
fn=do_lookup_x
29 332
fl=./elf/../sysdeps/generic/ldsodefs.h
fn=_dl_relocate_object
79 23
140 273
fn=_dl_start
79 6
fn=do_lookup_x
139 166
140 249
fl=./elf/../sysdeps/nptl/dl-mutex.c
fn=__rtld_mutex_init
30 4
37 1
40 7
44 2
45 9
47 6
51 2
52 7
53 4
fl=./elf/../sysdeps/nptl/dl-tls_init_tp.c
fn=__tls_init_tp
68 3
69 1
72 1
75 4
76 2
77 1
82 2
87 4
90 1
93 3
105 4
121 3
128 2
129 3
fn=__tls_pre_init_tp
53 3
56 10
61 2
62 1
64 1
fn=rtld_mutex_dummy
42 8
44 16
fl=./elf/../sysdeps/nptl/pthread_early_init.h
fn=__libc_early_init
33 6
34 1
38 5
45 2
46 1
48 2
52 5
53 1
54 1
56 1
fl=./elf/../sysdeps/posix/dl-fileid.h
fn=_dl_map_object_from_fd
37 8
40 8
49 16
fl=./elf/../sysdeps/unix/sysv/linux/brk.c
fn=brk
36 1
37 1
38 2
44 1
45 1
fl=./elf/../sysdeps/unix/sysv/linux/brk_call.h
fn=brk
24 2
fl=./elf/../sysdeps/unix/sysv/linux/dl-osinfo.h
fn=dl_main
39 2
52 1
fl=./elf/../sysdeps/unix/sysv/linux/dl-parse_auxv.h
fn=_dl_sysdep_parse_arguments
32 2
33 1
34 1
41 93
42 44
43 44
45 1
46 2
47 3
48 2
49 2
50 2
51 2
52 2
54 2
fl=./elf/../sysdeps/unix/sysv/linux/dl-sysdep.c
fn=_dl_sysdep_parse_arguments
78 5
79 2
80 2
81 3
82 53
83 109
86 2
90 56
93 2
94 2
95 2
96 5
fn=_dl_sysdep_start
102 4
103 1
106 2
110 2
113 1
115 2
122 3
123 2
125 5
137 3
140 5
143 4
fn=_dl_sysdep_start_cleanup
147 1
148 1
fl=./elf/../sysdeps/unix/sysv/linux/dl-vdso-setup.h
fn=dl_main
30 1
33 1
36 1
39 1
45 1
fl=./elf/../sysdeps/unix/sysv/linux/dl-vdso.h
fn=dl_main
40 2
41 5
55 2
fl=./elf/../sysdeps/unix/sysv/linux/rseq-internal.h
fn=__tls_init_tp
32 3
34 7
37 2
40 1
fl=./elf/../sysdeps/unix/sysv/linux/x86/cpu-features.c
fn=init_cpu_features.constprop.0
27 6
fl=./elf/../sysdeps/unix/sysv/linux/x86/dl-hwcap2.h
fn=update_active.constprop.0
25 2
fl=./elf/../sysdeps/unix/sysv/linux/x86/dl-minsigstacksize.h
fn=get_common_indices.constprop.0
24 2
27 2
28 2
65 3
72 1
74 1
fl=./elf/../sysdeps/x86/cpu-features.c
fn=get_common_indices.constprop.0
351 1
355 4
358 5
362 1
363 4
364 4
365 4
366 3
367 2
374 2
376 9
381 8
388 2
389 7
395 2
410 2
fn=init_cpu_features.constprop.0
329 3
330 2
331 6
336 2
337 6
342 2
343 7
635 7
638 1
639 1
640 1
643 1
652 3
655 6
656 1
659 2
661 6
666 1
668 3
670 9
674 7
727 3
734 2
752 1
785 2
819 4
822 2
823 1
831 2
838 2
840 2
844 2
850 2
852 1
954 3
955 2
958 2
959 2
965 1
966 1
967 1
968 2
972 4
975 4
981 3
994 2
995 4
1034 1
1035 2
1039 3
1056 2
1057 2
1059 3
1060 2
1062 3
1063 2
1066 2
1080 4
1082 4
1091 2
1136 8
fn=update_active.constprop.0
50 7
54 1
62 3
63 3
64 2
72 4
73 1
81 4
82 1
83 3
87 4
90 3
91 1
94 3
95 2
99 4
100 3
101 3
102 2
106 4
107 5
108 3
110 2
111 4
114 4
115 4
119 2
123 2
125 4
129 2
131 1
134 2
136 2
140 1
141 1
148 4
150 4
156 4
158 5
160 2
165 4
214 4
230 2
234 2
235 1
238 4
242 2
246 3
247 2
249 1
250 1
253 2
255 1
258 2
309 3
313 3
322 1
323 8
fl=./elf/../sysdeps/x86/dl-cacheinfo.h
fn=get_common_cache_info.constprop.0
576 9
591 1
592 1
593 2
594 1
595 1
601 3
603 6
606 2
618 1
623 3
627 2
632 7
635 34
642 8
645 26
650 2
654 3
655 2
659 2
663 3
666 4
667 1
672 4
678 4
686 5
688 2
690 4
692 13
694 1
695 1
696 9
698 4
701 2
706 1
708 4
709 3
710 1
713 2
716 2
723 1
725 4
726 1
731 2
736 3
737 1
738 2
739 1
764 3
775 4
776 5
780 2
787 1
788 1
789 1
790 7
fn=handle_intel.constprop.0
250 96
255 24
263 12
264 12
266 4
272 48
279 24
280 60
284 60
286 24
289 60
291 24
294 5
296 2
299 5
301 2
305 3
310 96
fn=init_cpu_features.constprop.0
797 1
798 1
800 1
814 2
816 3
817 3
818 4
819 1
822 3
824 3
825 2
827 3
829 3
830 1
832 3
834 3
835 1
837 3
839 3
841 3
843 7
899 1
900 1
901 2
902 2
903 2
904 2
905 2
906 1
907 1
908 1
909 1
910 1
912 1
915 3
929 3
930 6
935 2
936 5
937 2
944 3
964 6
973 2
974 2
979 12
992 5
1000 7
1002 2
1005 5
1007 2
1010 5
1011 5
1015 5
1016 2
1022 6
1025 10
1026 9
1027 12
1030 9
1032 9
1045 4
1047 2
1048 2
1049 1
1050 1
1051 1
1052 1
fn=intel_check_word.constprop.0
110 690
113 345
119 104
123 78
125 15
129 156
131 154
133 63
135 126
143 126
152 36
155 123
158 99
162 58
164 189
167 120
168 72
169 60
170 48
172 11
174 22
176 12
177 16
178 12
179 20
180 14
181 12
183 8
184 12
187 21
194 204
202 175
216 51
246 104
fl=./elf/../sysdeps/x86/dl-cet.c
fn=_dl_cet_check
41 2
42 1
44 3
45 1
48 4
49 2
51 1
62 2
252 8
254 8
fl=./elf/../sysdeps/x86/dl-get-cpu-features.c
fn=__x86_cpu_features
39 3
71 3
fn=_dl_x86_init_cpu_features
37 1
39 3
41 1
fl=./elf/../sysdeps/x86/dl-isa-level.h
fn=_dl_load_cache_lookup
28 6
fl=./elf/../sysdeps/x86/dl-procinfo.h
fn=_dl_load_cache_lookup
39 2
42 7
fl=./elf/../sysdeps/x86/dl-prop.h
fn=_dl_map_object_from_fd
95 16
100 4
101 2
102 2
103 2
105 18
108 6
109 4
110 4
114 6
118 6
121 6
122 4
126 2
127 10
131 6
132 3
135 6
138 3
139 12
142 2
144 12
151 6
164 6
165 4
167 3
170 3
185 6
187 8
192 2
193 8
198 16
200 8
201 2
202 2
203 4
212 6
213 2
fn=dl_main
36 2
37 15
40 7
49 22
53 18
71 3
95 8
100 2
101 1
102 1
103 1
105 11
108 3
109 2
110 2
114 3
118 3
121 3
122 2
126 1
127 5
131 4
132 2
135 4
138 2
139 8
142 2
144 8
151 4
164 4
165 2
167 2
170 3
185 3
187 4
192 1
193 4
198 10
200 4
201 1
202 1
203 2
212 5
213 2
fl=./elf/../sysdeps/x86/get-isa-level.h
fn=_dl_hwcaps_subdirs_active
30 4
31 1
32 3
36 3
39 4
40 4
45 4
48 2
51 5
53 4
fn=update_active.constprop.0
28 1
30 4
32 3
36 3
38 1
39 2
40 3
45 4
47 1
48 2
51 5
53 4
fl=./elf/../sysdeps/x86_64/dl-hwcaps-subdirs.c
fn=_dl_hwcaps_subdirs_active
29 1
38 3
43 1
52 1
fl=./elf/../sysdeps/x86_64/dl-machine.h
fn=_dl_fixup
220 2
fn=_dl_relocate_object
72 12
78 4
82 3
88 1
98 3
118 2
121 2
123 4
253 212
260 212
264 212
273 812
276 185
277 4
278 396
281 2
282 3
293 2
300 5
303 636
377 24
384 48
386 64
390 48
399 32
407 182
420 7
460 4
462 2
463 2
482 18
483 6
487 12
488 12
498 120
502 30
505 45
506 15
532 90
534 45
535 45
fn=_dl_start
46 1
264 9
273 27
276 6
277 12
303 9
307 2
fn=_dl_sysdep_start
206 1
fl=./elf/../sysdeps/x86_64/dl-runtime.h
fn=_dl_fixup
28 2
fl=./elf/../sysdeps/x86_64/dl-trampoline.h
fn=_dl_runtime_resolve_xsave
71 2
76 2
79 2
81 2
91 2
97 2
98 2
99 2
100 2
101 2
102 2
103 2
107 2
108 2
111 2
112 2
114 2
115 2
116 2
117 2
118 2
119 2
121 2
128 2
129 2
130 2
131 2
136 2
137 2
138 2
140 2
141 2
142 2
143 2
144 2
145 2
146 2
148 2
150 2
154 2
156 2
fl=./elf/./dl-find_object.h
fn=_dl_find_object_from_map
95 8
96 8
97 4
103 20
104 119
105 82
107 12
112 4
fl=./elf/./dl-hwcaps.h
fn=_dl_important_hwcaps
43 11
45 7
46 1
77 8
78 8
79 5
fl=./elf/./dl-load.h
fn=_dl_map_object_from_fd
91 16
92 4
93 5
94 4
96 4
fl=./elf/./dl-main.h
fn=dl_main
112 5
fl=./elf/./dl-map-segments.h
fn=_dl_map_object_from_fd
28 6
29 18
81 2
101 2
102 6
105 6
106 4
108 4
125 2
135 48
137 24
139 60
149 32
155 4
156 2
157 6
158 4
160 4
165 4
168 6
176 14
182 4
186 8
189 2
194 8
fl=./elf/./dl-sym-post.h
fn=lookup_malloc_symbol
41 8
53 12
fl=./elf/./dl-tunable-types.h
fn=__GI___tunable_set_val
87 10
fl=./elf/./elf/dl-audit.c
fn=_dl_audit_activity_map
29 6
30 1
31 3
37 6
fn=_dl_audit_activity_nsid
41 3
45 12
46 3
47 15
fn=_dl_audit_objclose
97 4
98 16
fn=_dl_audit_objopen
77 2
78 8
fn=_dl_audit_preinit
118 1
119 4
fl=./elf/./elf/dl-cache.c
fn=_dl_cache_libcmp
357 33
358 143
360 189
362 69
368 12
369 9
370 64
372 64
374 6
380 120
382 120
383 24
386 52
387 52
390 20
fn=_dl_load_cache_lookup
191 16
205 1
208 8
210 10
211 2
213 5
220 19
222 50
223 16
227 24
231 24
232 16
240 8
242 6
245 6
247 18
249 3
259 2
269 3
270 4
286 7
295 2
298 2
301 1
302 3
330 2
346 7
347 4
349 3
403 10
405 2
408 3
411 5
419 5
420 8
423 6
424 1
431 1
432 2
482 3
485 3
500 2
512 3
513 15
514 4
515 1
516 8
fn=_dl_unload_cache
525 2
526 4
528 2
529 1
533 1
535 2
fl=./elf/./elf/dl-call-libc-early-init.c
fn=_dl_call_libc_early_init
27 4
29 2
33 7
37 2
39 4
40 2
41 3
fl=./elf/./elf/dl-call_fini.c
fn=_dl_call_fini
24 20
28 8
32 4
34 4
35 8
38 4
39 6
42 16
43 2
47 4
48 8
49 6
50 14
fl=./elf/./elf/dl-catch.c
fn=_dl_catch_error
254 10
256 2
257 2
258 2
259 2
261 5
fn=_dl_catch_exception
58 9
59 6
69 6
70 15
204 18
207 6
214 3
228 3
229 6
235 18
237 9
239 12
248 9
fn=_dl_receive_error
58 2
59 1
69 2
70 2
186 6
188 1
192 1
194 1
197 1
198 4
fl=./elf/./elf/dl-debug.c
fn=_dl_debug_initialize
56 2
57 1
59 2
61 2
63 3
64 1
85 3
90 3
91 2
92 1
95 3
96 6
99 2
107 2
fn=_dl_debug_state
116 2
117 2
fn=_dl_debug_update
38 3
40 6
41 3
44 6
48 3
fl=./elf/./elf/dl-deps.c
fn=_dl_map_object_deps
128 3
129 5
130 6
132 3
136 8
143 13
144 20
160 9
161 1
164 1
182 1
183 6
184 1
188 9
190 12
193 4
197 12
198 25
201 8
205 4
208 16
210 8
215 2
216 2
217 4
218 4
219 2
221 222
222 104
228 23
230 2
232 8
233 4
242 2
244 4
249 14
252 2
253 2
254 2
255 4
256 2
257 2
259 8
263 6
264 3
266 150
417 8
419 10
422 4
423 8
429 2
430 10
431 10
434 2
435 4
439 12
441 4
442 17
448 5
449 1
452 4
463 5
465 4
470 5
471 1
472 2
474 16
478 4
483 8
485 12
490 4
494 2
495 3
532 2
533 2
547 9
552 9
553 5
557 1
559 2
560 1
561 3
568 3
571 2
574 8
fn=openaux
61 6
64 22
65 2
68 2
69 4
fl=./elf/./elf/dl-environ.c
fn=_dl_next_ld_env_entry
28 3
29 3
32 163
34 106
35 18
37 2
40 4
42 2
45 51
fl=./elf/./elf/dl-find_object.c
fn=_dl_find_object_init
561 4
564 1
566 2
567 3
579 2
580 3
582 2
585 2
590 1
591 1
594 3
596 2
599 6
601 1
604 4
fn=_dlfo_process_initial
474 4
475 2
477 2
478 4
504 24
505 22
506 8
508 28
511 24
513 18
515 6
516 6
517 12
529 2
531 8
fn=_dlfo_sort_mappings
536 1
537 2
540 12
544 4
545 19
546 15
548 2
549 2
553 8
554 10
555 4
557 1
fl=./elf/./elf/dl-fini.c
fn=_dl_fini
26 8
34 3
37 1
39 12
40 4
43 4
47 2
54 4
56 2
58 18
59 4
62 32
67 8
69 2
71 2
72 1
78 8
82 8
87 2
88 3
90 2
97 8
fl=./elf/./elf/dl-hwcaps.c
fn=_dl_important_hwcaps
52 12
54 1
55 2
56 1
57 1
77 12
79 2
80 10
84 1
86 3
87 1
88 1
100 5
102 3
105 1
108 2
112 4
125 8
127 5
128 2
129 2
130 1
133 3
142 3
172 14
174 2
175 3
185 2
186 3
189 2
193 2
194 2
201 1
202 3
209 1
213 3
216 9
fl=./elf/./elf/dl-hwcaps_split.c
fn=_dl_hwcaps_split
25 4
26 3
27 1
47 4
fn=_dl_hwcaps_split_masked
26 32
30 24
34 78
35 12
36 24
41 36
42 18
43 12
45 6
51 56
55 5
56 18
57 27
58 21
60 3
62 48
67 6
fl=./elf/./elf/dl-init.c
fn=_dl_init
30 10
36 25
38 24
97 12
98 1
99 1
102 3
105 2
110 4
135 1
136 20
137 8
143 8
fn=call_init.part.0
27 36
44 4
58 8
59 4
62 12
63 2
67 6
75 9
76 6
79 3
80 6
86 6
88 4
89 22
90 12
92 24
fl=./elf/./elf/dl-load.c
fn=_dl_dst_count
238 12
241 4
244 4
245 2
264 14
fn=_dl_init_paths
706 13
720 4
725 1
727 3
734 3
735 2
739 4
741 4
747 1
748 1
756 9
758 8
759 4
761 5
762 7
763 4
766 12
767 9
768 18
770 29
776 1
777 1
782 1
785 3
787 4
789 3
806 1
808 3
822 2
825 5
827 23
831 2
832 60
833 14
834 28
836 1
837 1
838 2
844 6
847 3
853 1
857 8
fn=_dl_map_object
682 10
692 5
696 7
1964 33
1966 2
1972 6
1973 12
1976 48
1981 49
1983 35
1987 12
1988 18
1991 10
1992 6
1993 10
2007 8
2008 6
2016 6
2031 2
2033 10
2037 4
2039 2
2046 4
2050 1
2051 1
2055 3
2056 1
2070 2
2071 7
2072 1
2081 2
2096 2
2097 16
2103 3
2104 1
2112 1
2126 2
2128 3
2132 3
2134 2
2138 2
2146 2
2169 9
2173 3
2174 1
2191 2
2197 1
2198 4
2199 2
2200 2
2204 9
2207 3
2219 8
2264 4
2265 34
2267 29
fn=_dl_map_object_from_fd
944 28
959 8
989 29
990 10
1008 4
1036 8
1046 4
1053 16
1054 4
1065 4
1066 6
1067 4
1069 6
1070 8
1071 2
1074 17
1075 6
1086 2
1088 2
1090 44
1091 2
1092 2
1093 2
1094 2
1100 87
1101 213
1107 4
1114 5
1115 6
1116 20
1121 2
1122 1
1127 62
1135 40
1136 52
1137 40
1138 8
1139 16
1141 56
1143 16
1156 16
1157 30
1162 8
1163 82
1176 3
1180 4
1181 1
1185 5
1186 2
1189 1
1194 4
1209 4
1210 2
1213 6
1218 14
1228 38
1229 16
1235 4
1245 8
1252 14
1264 2
1268 8
1269 6
1275 6
1276 4
1278 4
1288 6
1307 6
1309 12
1361 6
1362 2
1368 70
1369 117
1375 33
1380 8
1393 4
1395 8
1397 4
1413 4
1417 4
1418 4
1435 4
1436 1
1439 4
1444 4
1454 4
1461 16
1462 6
1463 9
1464 3
1465 5
1471 4
1472 4
1477 2
1484 6
1487 4
1491 6
1492 6
1510 4
1514 14
1515 8
1519 18
fn=_dl_process_pt_gnu_property
868 6
869 6
870 3
876 6
882 15
885 9
886 6
887 6
930 3
fn=expand_dynamic_string_token
241 6
244 4
385 18
399 4
410 14
fn=fillin_rpath.isra.0
468 16
472 1
474 12
481 2
483 5
487 2
492 3
493 2
500 5
505 3
509 15
510 8
528 4
532 4
534 2
538 1
539 2
540 4
541 1
543 2
549 4
550 14
551 3
553 2
554 3
555 1
561 2
562 1
565 3
571 1
574 8
fn=open_path
1812 11
1813 2
1816 1
1817 1
1819 2
1822 2
1824 22
1827 2
1831 1
1836 6
1843 6
1844 19
1847 4
1852 22
1855 4
1861 6
1864 16
1866 6
1868 4
1873 4
1874 14
1880 6
1882 14
1883 2
1885 2
1892 13
1894 3
1933 7
1938 1
1940 4
1943 3
1957 9
fn=open_verify.constprop.0
1572 48
1604 12
1609 4
1623 20
1625 8
1633 2
1634 6
1639 12
1641 4
1643 4
1645 4
1651 4
1668 29
1749 4
1754 4
1760 8
1766 4
1772 8
1773 8
1777 16
1778 5
1799 36
fl=./elf/./elf/dl-lookup-direct.c
fn=_dl_lookup_direct
32 15
33 9
35 6
36 6
48 9
51 6
53 18
57 6
58 21
59 15
74 36
76 6
78 21
79 6
81 12
84 25
86 12
93 6
115 3
116 27
fl=./elf/./elf/dl-lookup.c
fn=_dl_lookup_symbol_x
773 1260
775 180
776 180
779 90
783 342
786 180
788 180
792 1295
793 1530
798 450
800 42
817 90
818 21
821 180
822 565
829 83
857 332
871 249
872 2
874 166
891 83
893 810
fn=check_match
71 1105
74 595
79 4
87 415
90 304
94 83
95 166
97 162
116 162
117 648
118 405
145 4
147 12
148 8
162 83
163 510
fn=do_lookup_x
194 913
348 1260
349 90
354 90
355 90
359 572
362 572
366 752
387 572
391 572
397 858
401 286
402 286
405 1430
406 858
409 286
410 572
412 286
413 270
414 572
416 540
417 1144
420 2002
423 176
424 264
425 176
427 176
430 975
432 255
433 2334
434 170
437 255
440 340
449 50
471 10
477 166
484 640
488 18
500 166
501 83
502 83
519 609
522 14
523 720
fl=./elf/./elf/dl-minimal-malloc.c
fn=__minimal_calloc
78 40
82 8
85 8
86 24
fn=__minimal_free
95 1
97 4
fn=__minimal_malloc
35 120
36 72
41 3
42 2
43 2
47 95
50 160
55 8
56 8
58 2
59 16
61 4
63 4
65 6
68 24
69 26
71 96
fl=./elf/./elf/dl-minimal.c
fn=__rtld_malloc_init_real
76 8
86 2
87 1
89 1
91 6
92 5
93 5
94 4
99 1
100 1
101 1
102 1
103 7
fn=__rtld_malloc_init_stubs
42 1
43 2
44 2
45 2
46 2
47 1
fn=lookup_malloc_symbol
61 28
63 4
64 28
68 28
69 28
71 4
72 20
fn=strsep
239 2
242 4
244 2
245 4
247 2
249 47
251 28
254 56
256 84
264 14
267 1
271 4
fl=./elf/./elf/dl-misc.c
fn=_dl_name_match_p
68 84
69 56
70 3
72 14
74 58
75 90
80 15
82 11
83 56
fn=_dl_sysdep_read_whole_file
36 9
39 3
40 2
42 6
44 2
47 2
49 8
60 3
63 7
fl=./elf/./elf/dl-object.c
fn=_dl_add_to_namespace_list
31 18
33 9
35 26
38 20
40 2
42 2
45 2
46 9
47 6
48 6
50 6
51 9
fn=_dl_new_object
59 42
62 6
64 2
66 3
67 2
71 6
77 2
80 4
83 11
87 4
92 2
95 6
98 3
99 3
100 6
103 6
104 21
106 3
119 10
123 2
125 1
127 21
130 6
131 6
132 3
136 3
139 34
141 20
149 6
150 3
153 1
155 18
157 8
160 8
164 8
168 14
176 1
179 6
189 9
191 10
195 6
199 4
200 4
208 2
212 2
245 8
250 84
251 84
255 4
256 2
259 2
263 27
fl=./elf/./elf/dl-reloc.c
fn=_dl_relocate_object
170 432
171 182
174 935
175 84
177 7
178 28
182 168
183 84
184 84
186 678
187 390
188 156
190 643
193 84
194 588
196 7
207 52
217 6
218 12
221 4
223 12
225 4
226 12
245 8
251 20
252 8
253 1
255 8
262 12
301 9993
304 32
328 4
331 8
348 12
350 32
356 24
359 8
363 8
364 24
fl=./elf/./elf/dl-runtime.c
fn=_dl_fixup
46 18
48 10
49 6
54 2
55 8
56 14
58 4
63 4
67 4
69 2
71 6
75 6
76 8
77 6
84 2
85 6
95 22
99 10
109 20
124 8
133 6
159 6
163 14
fl=./elf/./elf/dl-setup_hash.c
fn=_dl_setup_hash
25 8
28 12
31 12
32 8
33 4
34 4
36 12
37 4
38 12
40 4
41 8
43 4
45 12
50 4
fl=./elf/./elf/dl-sort-maps.c
fn=_dl_sort_maps
140 20
181 1
182 2
183 17
184 8
211 17
216 2
218 1
219 5
221 13
223 4
226 12
244 4
257 1
264 3
277 4
299 13
307 3
311 9
fn=_dl_sort_maps_init
290 2
291 4
292 1
293 3
294 2
fn=dfs_traversal.part.0
135 32
140 6
143 4
145 12
147 20
156 8
171 12
172 4
173 24
fl=./elf/./elf/dl-tunables.c
fn=__GI___tunable_set_val
96 40
105 5
106 20
107 25
113 35
117 10
124 10
125 10
128 25
129 5
130 5
131 5
151 20
155 10
fn=__GI___tunables_init
65 270
68 159
71 4662
75 106
80 318
265 3
274 9
295 8268
297 5
301 11395
313 212
347 8
fn=__tunable_get_val
395 34
398 368
407 46
408 12
417 22
424 204
426 34
fl=./elf/./elf/dl-tunables.h
fn=__GI___tunable_set_val
109 10
110 20
119 5
fn=__GI___tunables_init
128 1948
129 2412
fl=./elf/./elf/dl-version.c
fn=_dl_check_all_versions
392 6
394 2
396 17
397 4
398 36
401 7
fn=_dl_check_map_versions
36 24
37 5
38 35
56 32
64 24
70 24
86 8
87 16
89 8
94 260
108 204
110 8
113 56
120 282
124 94
155 36
156 4
164 6
170 12
172 16
174 4
175 4
177 8
180 6
184 12
200 6
208 6
213 6
215 6
217 24
218 73
221 16
224 32
228 4
231 32
234 24
239 6
243 6
257 15
260 4
263 194
266 145
270 45
274 9
279 3
280 12
281 9
291 3
294 17
296 6
299 8
303 6
306 24
308 32
310 40
311 16
312 24
313 24
316 24
321 6
324 6
334 6
337 4
341 45
343 94
347 45
348 225
349 135
350 45
353 141
357 45
365 4
366 4
367 4
368 2
370 4
372 108
373 52
375 2
376 7
387 36
fl=./elf/./elf/do-rel.h
fn=_dl_relocate_object
49 24
50 24
51 4
53 40
72 4
73 5
80 24
83 188
85 240
87 90
88 1
89 45
96 6
97 146
98 90
114 21
123 34
124 12
126 21
129 20
131 441
133 510
134 408
135 306
136 408
138 306
141 8
142 2
143 2
147 100
150 316
151 24
164 6
165 28
166 6
169 6
171 8
172 2
173 4
180 31
182 42
183 12
185 18
193 6
196 18
211 7
fn=_dl_start
49 6
50 4
51 1
53 10
56 4
61 13
63 9
64 6
65 3
fl=./elf/./elf/get-dynamic-info.h
fn=_dl_map_object_from_fd
39 4
43 2
45 178
49 86
54 38
55 25
56 10
58 2
59 10
62 8
64 8
68 43
72 8
84 7
85 8
86 8
87 8
88 7
89 7
90 7
91 8
103 16
110 7
115 2
122 2
123 6
129 6
130 3
147 6
152 2
154 2
156 2
158 2
162 6
164 3
165 2
174 2
175 3
180 2
184 4
fl=./elf/./elf/libc_early_init.c
fn=__libc_early_init
33 7
35 1
38 2
41 2
47 4
49 2
fl=./elf/./elf/rtld.c
fn=_dl_start
85 8
458 2
476 3
477 1
478 2
488 1
494 4
496 2
517 16
543 1
546 2
547 1
563 124
565 1
578 1
585 9
fn=dl_main
85 16
92 12
93 2
101 8
197 2
199 1
224 3
225 5
226 4
296 3
302 1
303 2
837 1
839 1
848 1
850 1
855 1
1115 1
1116 1
1118 1
1122 3
1124 1
1125 1
1140 1
1143 46
1144 117
1148 3
1153 3
1154 9
1163 2
1164 2
1166 1
1173 3
1191 2
1199 8
1200 17
1201 8
1202 1
1204 12
1205 14
1209 8
1210 8
1211 4
1215 12
1243 2
1247 3
1253 28
1254 61
1260 17
1266 4
1269 3
1271 3
1346 13
1351 1
1357 1
1373 3
1374 4
1637 10
1639 2
1640 3
1641 2
1642 3
1646 2
1647 2
1672 3
1673 5
1674 3
1675 3
1678 1
1680 1
1681 1
1683 2
1684 2
1688 2
1690 2
1698 4
1705 2
1708 2
1733 4
1735 1
1740 2
1743 4
1744 4
1745 3
1746 1
1747 1
1748 1
1759 2
1760 2
1762 2
1764 1
1765 3
1770 5
1771 5
1773 3
1779 2
1788 2
1792 1
1793 2
1817 2
1823 1
1824 1
1825 1
1829 3
1834 3
1836 1
1838 2
1842 5
1847 2
1863 6
1939 4
1943 19
1944 1
1947 3
1948 1
1949 2
1950 2
1955 3
1965 9
1971 19
1972 12
1975 3
1976 2
1977 1
1979 14
1980 6
1984 2
1990 1
1992 3
1993 2
1995 2
1997 3
1999 3
2000 1
2001 2
2013 2
2014 2
2015 3
2026 5
2027 4
2028 4
2038 1
2039 2
2040 4
2042 2
2047 3
2246 3
2250 3
2256 2
2259 2
2267 2
2278 3
2281 1
2286 1
2287 27
2289 8
2294 8
2296 10
2298 1
2299 1
2302 4
2304 8
2305 24
2309 10
2310 3
2319 2
2323 4
2325 1
2332 4
2335 2
2339 3
2341 2
2351 1
2356 3
2359 1
2365 1
2366 5
2374 3
2381 1
2384 3
2388 3
2389 1
2390 1
2391 1
2395 1
2400 8
2533 2
2535 1
2539 6
2541 18
2543 2
2545 107
2546 19
2554 13
2575 2
2582 4
2584 2
2585 1
2621 3
2622 5
2624 2
2625 2
2626 1
2663 4
2682 4
fn=handle_preload_list
183 3
806 1
810 2
811 1
812 1
814 1
816 6
817 3
825 3
869 11
870 2
874 7
877 4
878 3
880 4
881 2
887 1
889 2
891 2
892 1
895 9
fn=init_tls
734 3
736 2
740 3
746 2
749 1
750 1
751 1
755 1
757 1
761 2
762 2
763 12
764 4
765 8
769 3
771 1
773 3
776 2
779 1
786 2
787 2
793 2
797 1
800 5
fn=map_doit
641 3
643 4
644 6
646 2
fn=version_check_doit
674 3
676 6
680 2
fl=./elf/./get-dynamic-info.h
fn=_dl_start
45 67
49 32
54 17
55 11
56 5
58 1
59 5
62 4
64 4
68 17
72 3
84 4
85 3
86 4
87 4
88 5
89 3
90 4
91 4
103 10
110 3
123 3
129 3
130 3
133 2
134 3
139 3
142 3
fn=dl_main
39 4
43 1
45 107
49 52
54 25
55 17
56 5
58 1
59 5
62 4
64 4
68 26
72 7
84 3
85 5
86 5
87 5
88 4
89 5
90 5
91 5
103 9
110 3
115 2
122 3
123 4
129 3
147 4
152 2
154 2
156 2
158 2
159 2
162 4
164 3
165 2
174 2
175 3
180 2
181 3
184 3
fl=./elf/./setup-vdso.h
fn=dl_main
24 2
fl=./io/../sysdeps/unix/sysv/linux/access.c
fn=access
25 1
27 7
31 1
fl=./io/../sysdeps/unix/sysv/linux/close_nocancel.c
fn=__GI___close_nocancel
25 3
26 12
27 3
fl=./io/../sysdeps/unix/sysv/linux/fstat64.c
fn=fstat
29 8
30 8
35 12
fl=./io/../sysdeps/unix/sysv/linux/fstatat64.c
fn=fstatat
99 12
154 12
168 2
169 19
170 5
fl=./io/../sysdeps/unix/sysv/linux/open64_nocancel.c
fn=__open_nocancel
28 10
31 35
39 41
41 5
fl=./io/../sysdeps/unix/sysv/linux/pread64_nocancel.c
fn=__pread64_nocancel
25 4
26 8
27 2
fl=./io/../sysdeps/unix/sysv/linux/read_nocancel.c
fn=__read_nocancel
25 2
26 8
27 2
fl=./io/../sysdeps/unix/sysv/linux/stat64.c
fn=stat
28 4
29 8
fl=./io/../sysdeps/unix/sysv/linux/write.c
fn=write
25 3
26 18
27 3
fl=./libio/../include/sys/sysmacros.h
fn=_IO_file_doallocate
47 6
fl=./libio/./libio/filedoalloc.c
fn=_IO_file_doallocate
78 9
84 9
86 4
89 2
91 2
94 2
97 4
101 3
102 2
104 4
105 1
106 8
fl=./libio/./libio/fileops.c
fn=_IO_do_write@@GLIBC_2.2.5
424 28
426 24
427 19
434 6
441 12
444 3
449 15
450 15
452 9
453 6
454 3
455 6
456 12
fn=_IO_file_overflow@@GLIBC_2.2.5
732 110
733 88
740 108
743 2
745 2
746 6
755 3
764 3
765 1
766 1
767 1
768 1
769 3
771 3
772 5
773 2
775 44
776 6
777 24
778 38
781 57
782 57
783 76
784 4
785 3
787 19
788 85
fn=_IO_file_setbuf@@GLIBC_2.2.5
382 3
383 3
386 1
388 3
390 2
391 2
fn=_IO_file_stat
1147 1
1148 2
fn=_IO_file_sync@@GLIBC_2.2.5
793 5
798 4
800 1
801 2
812 2
816 4
fn=_IO_file_write@@GLIBC_2.2.5
1174 21
1175 6
1176 18
1180 9
1181 9
1182 6
1187 3
1188 3
1190 9
1191 9
1194 18
fn=_IO_file_xsputn@@GLIBC_2.2.5
444 4
446 4
1198 24
1200 1
1204 12
1205 3
1211 12
1213 10
1214 4
1217 6
1219 6
1221 2
1228 3
1232 6
1234 4
1236 8
1237 2
1238 4
1240 4
1244 18
1250 6
1251 15
1253 9
1264 6
1265 4
1267 3
1268 27
fl=./libio/./libio/genops.c
fn=_IO_cleanup
776 6
777 10
780 13
784 3
785 36
792 7
794 6
796 4
798 2
800 3
801 1
805 5
807 3
814 3
816 30
817 3
821 7
822 2
842 11
843 2
855 12
fn=_IO_default_setbuf
330 5
332 1
333 1
337 2
452 9
453 5
455 4
457 3
458 2
462 1
466 4
467 1
468 6
fn=_IO_default_xsputn
371 12
373 1
374 2
375 1
379 80
399 192
401 19
404 8
fn=_IO_doallocbuf
343 4
344 2
346 4
347 5
350 4
fn=_IO_flush_all
686 11
687 2
691 6
692 8
695 14
697 3
698 36
700 21
708 33
709 3
713 7
714 2
718 12
fn=_IO_setb
329 10
330 4
332 1
333 1
335 6
338 6
fl=./libio/./libio/libioP.h
fn=_IO_cleanup
1025 4
1026 2
fn=_IO_default_setbuf
1025 3
1026 2
fn=_IO_default_xsputn
1025 39
1026 38
fn=_IO_do_write@@GLIBC_2.2.5
1025 9
1026 6
fn=_IO_doallocbuf
1025 3
1026 2
fn=_IO_file_doallocate
1025 3
1026 2
fn=_IO_file_xsputn@@GLIBC_2.2.5
1025 9
1026 6
fn=_IO_flush_all
1025 2
fl=./libio/./libio/vtables.c
fn=check_stdfiles_vtables
545 1
546 4
547 3
548 3
550 1
fl=./malloc/../string/bits/string_fortified.h
fn=tcache_init.part.0
59 88
fl=./malloc/../sysdeps/unix/sysv/linux/not-cancel.h
fn=ptmalloc_init.part.0
89 6
fl=./malloc/./malloc/arena.c
fn=free
152 3
fn=malloc
152 6
263 1
fn=ptmalloc_init.part.0
261 6
266 1
291 2
295 3
299 4
300 4
301 4
302 4
303 4
304 4
305 4
307 4
308 4
309 4
312 4
313 4
314 2
318 7
fl=./malloc/./malloc/malloc.c
fn=_int_free
1791 1
4488 5
4492 3
4498 4
4499 2
4503 5
4510 2
4511 6
4554 2
4630 2
4633 2
4636 2
4639 2
4651 4
fn=_int_free_maybe_consolidate
4763 10
4769 2
4771 4
4774 3
4777 5
4791 11
fn=_int_free_merge_chunk
1991 3
4658 5
4659 1
4663 6
4666 4
4668 3
4671 3
4674 2
4675 2
4676 2
4682 2
4694 3
4695 5
4707 2
4749 1
4750 3
4751 2
fn=_int_malloc
1325 8
1344 24
1793 4
2007 8
2016 2
2547 10
2548 1
2559 4
2560 3
2563 4
2571 5
2572 2
2584 4
2585 2
2594 4
2603 3
2664 3
2672 2
2673 3
2686 3
2688 1
2694 5
2702 2
2704 3
2705 2
2706 1
2707 1
2710 2
2739 3
2740 1
2741 2
2747 8
2750 4
2777 2
2778 1
2790 3
2809 2
2812 2
2813 6
2815 1
2816 6
2828 5
2868 1
2870 1
2871 5
2872 1
2883 3
2916 3
2917 1
2921 1
2925 5
2927 1
2928 1
2929 1
2930 7
2931 2
2933 1
3839 40
3875 1
3880 8
3907 8
3970 8
3972 6
3973 2
3975 3
4032 42
4033 9
4051 10
4052 8
4053 12
4063 21
4250 12
4252 12
4255 9
4256 4
4323 4
4324 8
4325 8
4326 8
4327 24
4332 16
4336 21
4339 12
4436 4
4437 8
4439 8
4442 12
4444 4
4445 4
4446 2
4447 16
4449 6
4452 2
4453 12
4454 4
4459 8
4475 3
4480 48
fn=alloc_perturb
1984 12
1986 4
fn=free
3352 8
3356 4
3364 4
3366 2
3368 6
3372 3
3374 4
3376 2
3377 2
3378 1
3381 2
3385 3
3391 2
3394 2
3395 8
fn=malloc
1325 6
1344 15
3241 4
3287 18
3294 6
3304 6
3306 12
3309 6
3310 4
3311 3
3319 6
3321 12
3322 15
3347 15
fn=munmap_chunk
3019 1
3020 2
3021 3
3023 2
3025 1
3026 3
3027 1
3033 4
3034 5
3037 1
3038 3
3043 2
3044 1
fn=ptmalloc_init.part.0
1945 385
1948 381
1956 1
1957 1
1959 1
3137 2
fn=sysmalloc_mmap.isra.0
2007 4
2399 3
2412 3
2417 2
2420 10
2423 2
2427 2
2445 3
2463 1
2464 3
2468 3
2469 5
2472 3
2473 5
2478 5
fn=tcache_init.part.0
3235 2
3244 8
3245 3
3246 2
3254 4
3263 2
3267 3
fl=./malloc/./malloc/morecore.c
fn=__glibc_morecore
25 4
26 4
29 2
30 4
34 4
fl=./malloc/./malloc/scratch_buffer_set_array_size.c
fn=__libc_scratch_buffer_set_array_size
30 20
34 2
35 4
45 4
46 2
63 8
fl=./misc/../sysdeps/unix/syscall-template.S
fn=mprotect
117 20
122 4
fn=munmap
117 10
122 2
fl=./misc/../sysdeps/unix/sysv/linux/brk.c
fn=brk
36 2
37 4
38 4
44 2
45 2
fl=./misc/../sysdeps/unix/sysv/linux/brk_call.h
fn=brk
24 4
fl=./misc/../sysdeps/unix/sysv/linux/mmap64.c
fn=mmap
47 65
50 26
53 60
58 78
60 39
fl=./misc/./misc/init-misc.c
fn=__init_misc
30 5
31 5
33 3
37 5
38 3
40 4
fl=./misc/./misc/sbrk.c
fn=sbrk
37 10
40 4
43 4
58 4
59 4
62 4
63 2
66 4
74 3
78 10
fl=./nptl/../sysdeps/unix/sysv/linux/x86/elision-conf.c
fn=__lll_elision_init
92 6
96 5
98 4
100 4
102 4
104 4
107 3
108 1
109 6
fl=./nptl/./nptl/alloca_cutoff.c
fn=__libc_alloca_cutoff
27 2
28 18
35 2
fl=./nptl/./nptl/libc-cleanup.c
fn=__libc_cleanup_pop_restore
54 2
55 2
57 4
59 2
60 6
71 2
fn=__libc_cleanup_push_defer
24 2
25 2
27 4
29 4
32 4
46 6
48 2
49 2
fl=./nptl/./nptl/pthread_mutex_conf.c
fn=__pthread_tunables_init
55 6
56 5
58 4
60 4
62 6
fl=./nptl/./nptl/pthread_mutex_lock.c
fn=pthread_mutex_lock@@GLIBC_2.2.5
44 1
45 7
46 1
77 3
80 3
82 1
84 2
88 2
97 2
108 4
112 1
115 2
124 1
130 3
131 2
179 1
182 1
184 1
187 1
190 3
fl=./nptl/./nptl/pthread_mutex_unlock.c
fn=pthread_mutex_unlock@@GLIBC_2.2.5
39 1
40 4
41 1
51 3
52 2
57 2
62 1
65 1
70 1
72 1
74 2
80 4
84 3
87 3
367 2
369 2
fl=./posix/../malloc/dynarray-skeleton.c
fn=__unregister_atfork
243 2
fl=./posix/../sysdeps/unix/sysv/linux/_exit.c
fn=_Exit
27 2
30 4
fl=./posix/./posix/register-atfork.c
fn=__unregister_atfork
71 4
82 6
83 8
109 8
110 4
fl=./resource/../sysdeps/unix/sysv/linux/getrlimit64.c
fn=getrlimit
38 2
39 7
40 1
fl=./setjmp/../sysdeps/x86_64/bsd-_setjmp.S
fn=_setjmp
28 1
30 1
32 1
fl=./setjmp/../sysdeps/x86_64/setjmp.S
fn=__sigsetjmp
31 4
33 4
42 4
43 8
44 4
48 4
49 4
50 4
51 4
52 4
54 8
56 4
57 4
58 4
60 8
62 4
67 1
68 1
70 3
73 3
74 3
81 3
82 3
85 1
fl=./setjmp/./setjmp/sigjmp.c
fn=__sigjmp_save
28 3
29 1
30 2
34 3
fl=./stdio-common/../include/../locale/localeinfo.h
fn=__printf_fp_l_buffer
331 6
fl=./stdio-common/../include/printf_buffer.h
fn=__printf_buffer
163 4
fn=__printf_buffer_to_file_init
124 6
127 3
128 3
137 6
fn=__printf_fp_buffer_1.isra.0
163 10
fl=./stdio-common/../include/rounding-mode.h
fn=__printf_fp_buffer_1.isra.0
52 6
58 2
fl=./stdio-common/../libio/libioP.h
fn=__printf_buffer_to_file_done
1025 9
1026 6
fl=./stdio-common/../string/bits/string_fortified.h
fn=__printf_buffer_write
29 27
fn=__printf_fp_buffer_1.isra.0
29 7
fl=./stdio-common/../sysdeps/generic/get-rounding-mode.h
fn=__printf_fp_buffer_1.isra.0
94 2
95 14
fl=./stdio-common/../sysdeps/pthread/allocalim.h
fn=__printf_fp_buffer_1.isra.0
27 4
29 10
fl=./stdio-common/./stdio-common/Xprintf_buffer_done.c
fn=__printf_buffer_done
25 3
26 9
31 6
33 36
40 3
fl=./stdio-common/./stdio-common/Xprintf_buffer_write.c
fn=__printf_buffer_write
27 63
28 27
31 54
33 45
36 9
37 18
40 27
41 9
44 54
fl=./stdio-common/./stdio-common/_itoa.c
fn=_itoa_word
164 1
167 4
169 2
178 30
187 2
fl=./stdio-common/./stdio-common/printf-parse.h
fn=__printf_buffer
82 27
fl=./stdio-common/./stdio-common/printf_buffer_to_file.c
fn=__printf_buffer_to_file_done
51 12
53 12
58 9
59 18
65 6
66 3
117 18
118 9
121 6
122 12
fn=__printf_buffer_to_file_init
108 3
109 6
111 3
112 3
fn=__printf_buffer_to_file_switch
29 6
30 30
40 6
41 6
44 24
45 6
fl=./stdio-common/./stdio-common/printf_fp.c
fn=__printf_fp_buffer_1.isra.0
91 78
93 33
95 37
96 25
101 12
105 42
107 24
108 6
110 12
111 30
118 6
122 18
123 12
124 25
127 15
138 36
159 16
177 2
187 2
221 4
222 2
226 6
230 34
234 2
266 10
267 2
268 4
271 34
272 32
273 32
279 2
280 4
283 1
293 1
294 5
297 3
301 4
305 4
306 1
308 6
309 9
310 2
311 6
313 2
318 13
322 77
324 9
327 2
337 3
368 2
369 4
375 12
377 2
380 4
381 4
382 6
385 25
388 8
389 8
390 10
391 8
394 13
396 39
397 2
403 3
407 11
411 4
413 2
439 2
442 7
458 3
460 3
461 6
463 6
477 2
483 2
486 1
496 1
499 3
500 5
501 2
503 1
504 4
506 1
509 12
511 24
518 5
519 2
520 1
522 1
524 5
527 6
531 6
532 2
533 4
535 2
540 4
562 3
570 2
571 4
575 3
576 2
579 3
580 2
587 3
590 4
613 3
616 3
621 12
623 62
625 3
647 3
665 4
669 1
674 12
676 4
680 4
686 4
688 4
689 11
692 6
694 9
696 2
701 2
731 5
738 4
746 6
759 34
760 4
763 8
766 37
769 21
771 1
773 5
775 3
781 2
782 1
783 6
787 2
788 12
789 18
790 32
792 12
793 12
794 34
795 24
796 6
805 12
806 8
808 14
809 1
810 3
813 2
830 2
834 2
835 5
840 3
842 2
844 2
855 2
924 9
931 2
935 6
980 12
983 4
987 10
991 6
994 8
996 14
999 6
1001 6
1003 4
1006 4
1009 6
1022 8
1024 4
1028 6
1030 22
fn=__printf_fp_l_buffer
1099 38
1102 6
1111 2
1112 4
1115 8
1116 8
1117 6
1122 14
1126 2
1147 22
fn=hack_digit
88 36
91 35
93 27
95 20
96 5
101 16
105 56
107 32
108 8
110 16
111 48
118 16
122 32
123 16
124 20
127 1
128 45
fl=./stdio-common/./stdio-common/vfprintf-internal.c
fn=__printf_buffer
263 6
264 6
266 2
600 42
627 15
631 3
634 6
638 12
642 3
653 6
654 9
655 9
659 6
663 24
683 3
684 3
685 3
686 3
687 3
690 6
691 3
692 3
693 3
694 3
695 3
698 3
699 3
705 42
744 4
870 2
871 34
876 2
891 4
973 13
976 68
996 22
997 4
1001 2
1018 3
1024 3
1028 9
1029 6
1031 6
1044 33
fn=__vfprintf_internal
1501 36
1504 20
1508 15
1519 6
1522 12
1523 15
1524 9
1546 33
fl=./stdio-common/./stdio-common/vfprintf-process-arg.c
fn=__printf_buffer
35 1
48 2
49 9
57 2
58 2
67 1
136 3
138 2
155 14
161 10
166 7
170 1
186 5
187 9
195 5
197 3
199 4
201 6
206 2
208 4
211 2
224 2
233 2
236 2
240 5
fl=./stdlib/../stdlib/strtol.c
fn=__isoc23_strtol
125 1
126 5
fl=./stdlib/../stdlib/strtol_l.c
fn=____strtol_l_internal
238 12
252 1
257 1
258 2
264 2
292 1
295 4
301 1
304 5
306 2
310 1
311 2
316 2
320 2
335 2
342 2
345 4
393 1
394 1
395 1
449 8
451 21
453 12
477 1
478 1
481 12
484 16
489 6
490 12
495 2
500 3
506 2
507 2
509 3
524 1
546 8
fl=./stdlib/../sysdeps/ieee754/dbl-64/dbl2mpn.c
fn=__mpn_extract_double
33 6
35 2
37 6
38 10
47 6
56 6
103 4
107 4
fl=./stdlib/../sysdeps/x86_64/lshift.S
fn=__mpn_lshift
28 2
29 2
30 2
32 2
33 2
34 2
46 2
47 2
48 2
49 2
50 2
51 2
52 2
58 2
59 2
60 2
fl=./stdlib/../sysdeps/x86_64/mul_1.S
fn=__mpn_mul_1
31 23
32 23
35 23
36 23
37 23
38 23
39 23
41 23
42 23
44 23
45 23
46 23
47 23
48 20
50 20
51 20
52 20
53 20
79 3
80 3
81 3
82 3
83 3
84 3
85 3
86 3
87 3
113 3
114 3
115 3
117 3
118 3
119 3
120 3
121 3
122 23
124 23
127 23
fl=./stdlib/../sysdeps/x86_64/rshift.S
fn=__mpn_rshift
28 3
29 3
30 3
31 3
44 3
45 3
61 3
62 3
63 3
64 3
65 3
66 3
67 3
72 3
73 3
74 3
75 3
76 3
fl=./stdlib/./stdlib/cmp.c
fn=__mpn_cmp
31 3
35 6
37 3
38 3
39 6
47 15
fl=./stdlib/./stdlib/cxa_atexit.c
fn=__cxa_atexit
41 2
43 8
44 2
46 2
52 3
53 1
54 1
55 1
56 1
57 4
58 1
67 6
69 6
fn=__new_exitfn
80 5
81 1
86 2
91 9
93 4
101 1
122 1
123 1
134 1
136 1
137 1
141 5
fl=./stdlib/./stdlib/cxa_finalize.c
fn=__cxa_finalize
30 18
33 14
36 14
40 14
93 14
97 12
105 4
106 8
107 16
fl=./stdlib/./stdlib/cxa_thread_atexit_impl.c
fn=__call_tls_dtors
148 4
149 4
165 4
fl=./stdlib/./stdlib/divrem.c
fn=__mpn_divrem
46 182
47 14
49 28
62 14
63 14
65 28
72 105
73 27
76 28
79 14
81 14
234 126
fl=./stdlib/./stdlib/exit.c
fn=__run_exit_handlers
38 11
43 2
44 2
46 5
57 1
59 2
63 1
67 6
69 2
70 1
72 7
97 2
104 1
105 1
106 1
107 3
110 4
111 3
112 4
116 3
122 2
123 2
129 4
131 2
132 2
134 2
fn=exit
140 4
141 4
fl=./stdlib/./stdlib/mul.c
fn=__mpn_mul
48 51
54 6
66 6
71 3
72 6
81 12
83 3
84 3
88 6
141 3
142 33
fl=./stdlib/./stdlib/rand.c
fn=rand
26 2000000
27 1000000
28 2000000
fl=./stdlib/./stdlib/random.c
fn=random
288 5000000
291 3000000
293 3000000
295 4000000
297 1000000
298 5000000
fn=srand
209 3
210 4
211 3
212 4
213 2
fl=./stdlib/./stdlib/random_r.c
fn=random_r
354 1000000
357 4000000
360 1000000
362 3000000
370 1000000
371 1000000
372 1000000
375 3000000
377 2000000
378 1967742
379 2000000
382 1000000
387 1935484
388 64516
390 1000000
391 1000000
393 1000000
398 1000000
fn=srandom_r
162 1
170 2
172 1
173 2
176 1
180 4
181 2
184 3
186 1
187 63
192 240
193 60
194 90
196 90
197 60
200 6
202 1
203 622
210 2
362 930
370 310
371 310
372 310
375 620
378 310
379 620
381 20
382 310
388 600
390 310
391 310
fl=./string/../include/rtld-malloc.h
fn=strdup
56 6
fl=./string/../string/strcspn.c
fn=strcspn
32 4
33 3
34 2
39 6
40 4
41 4
42 4
44 1
47 9
48 6
51 4
52 4
53 4
54 4
56 3
61 13
62 26
63 26
64 26
65 13
67 78
69 1
70 4
71 3
fl=./string/../sysdeps/x86/cacheinfo.c
fn=__x86_cacheinfo
86 1
fl=./string/../sysdeps/x86/cacheinfo.h
fn=__x86_cacheinfo
59 1
62 3
64 3
65 1
71 3
73 3
74 1
78 2
80 2
81 2
82 2
84 2
86 2
fl=./string/../sysdeps/x86_64/multiarch/../multiarch/memset-vec-unaligned-erms.S
fn=memset
132 7
133 35
138 7
139 7
142 2
143 2
244 2
245 2
257 2
260 2
261 2
273 2
274 2
287 2
288 2
290 2
293 1
296 2
299 28
300 28
301 28
302 28
303 28
304 28
305 28
308 2
309 2
310 2
311 2
316 2
350 5
352 5
353 5
392 5
393 5
395 5
fl=./string/../sysdeps/x86_64/multiarch/../multiarch/strchr-sse2.S
fn=index
32 15
33 15
34 15
35 15
36 15
37 15
38 15
39 15
40 15
41 15
42 15
43 15
44 15
45 15
46 15
47 15
48 15
49 15
50 13
54 13
55 13
56 13
57 13
59 13
63 2
64 2
65 2
66 2
67 2
68 2
69 2
70 2
71 2
72 2
73 2
74 2
75 2
76 2
77 2
78 2
79 2
80 2
81 2
82 2
83 2
84 2
85 2
86 2
138 2
142 2
143 2
144 2
145 2
147 2
fl=./string/../sysdeps/x86_64/multiarch/../multiarch/strcmp-sse2.S
fn=strcmp
98 155
131 155
132 155
134 155
135 155
156 155
157 155
158 146
159 146
160 124
161 124
162 124
163 124
180 124
181 124
182 124
183 124
184 124
185 124
186 124
191 6
192 18
201 37
202 37
203 37
204 37
205 37
206 37
207 37
208 37
209 34
210 24
211 24
212 24
214 34
215 34
216 34
217 34
218 34
219 34
229 3
230 3
231 3
233 3
239 3
240 3
241 3
242 3
243 3
248 3
250 2
251 2
252 4
260 2
261 2
264 2
265 2
266 2
267 2
268 2
269 2
780 1
781 1
782 1
783 1
784 1
786 1
787 1
788 1
789 1
790 1
791 1
792 1
899 8
900 8
901 8
902 8
903 8
905 8
906 8
907 8
908 8
909 8
910 8
911 8
1018 1
1019 1
1020 1
1021 1
1022 1
1024 1
1025 1
1026 1
1027 1
1028 1
1029 1
1030 1
1031 1
1035 1
1036 1
1037 1
1043 1
1044 1
1045 2
1049 1
1050 1
1053 1
1054 1
1055 1
1057 1
1058 1
1059 1
1063 1
1064 1
1065 1
1066 1
1067 1
1068 1
1137 4
1138 4
1139 4
1140 4
1141 4
1143 4
1144 4
1145 4
1146 4
1147 4
1148 4
1149 4
1150 3
1154 3
1155 3
1156 3
1162 3
1163 3
1164 6
1168 3
1169 3
1172 3
1173 3
1174 3
1176 3
1177 3
1178 3
1182 3
1183 3
1184 3
1185 3
1186 3
1187 3
1256 4
1257 4
1258 4
1259 4
1260 4
1262 4
1263 4
1264 4
1265 4
1266 4
1267 4
1268 4
1269 4
1273 4
1274 4
1275 4
1281 4
1282 4
1283 8
1287 4
1288 4
1291 4
1292 4
1293 4
1295 4
1296 4
1297 4
1301 4
1302 4
1303 4
1304 4
1305 4
1306 4
1375 1
1376 1
1377 1
1378 1
1379 1
1381 1
1382 1
1383 1
1384 1
1385 1
1386 1
1387 1
1388 1
1392 1
1393 1
1394 1
1400 1
1401 1
1402 2
1406 1
1407 1
1410 1
1411 1
1412 1
1414 1
1415 1
1416 1
1420 1
1421 1
1422 1
1423 1
1424 1
1425 1
1494 2
1495 2
1496 2
1497 2
1498 2
1500 2
1501 2
1502 2
1503 2
1504 2
1505 2
1506 2
1507 1
1511 1
1512 1
1513 1
1519 1
1520 1
1521 2
1525 1
1526 1
1529 1
1530 1
1531 1
1533 1
1534 1
1535 1
1539 1
1540 1
1541 1
1542 1
1543 1
1544 1
1613 3
1614 3
1615 3
1616 3
1617 3
1619 3
1620 3
1621 3
1622 3
1623 3
1624 3
1625 3
1626 1
1630 1
1631 1
1632 1
1638 1
1639 1
1640 2
1644 1
1645 1
1648 1
1649 1
1650 1
1652 1
1653 1
1654 1
1658 1
1659 1
1660 1
1661 1
1662 1
1663 1
1732 3
1733 3
1734 3
1735 3
1736 3
1738 3
1739 3
1740 3
1741 3
1742 3
1743 3
1744 3
1745 2
1749 2
1750 2
1751 2
1757 2
1758 2
1759 4
1763 2
1764 2
1767 2
1768 2
1769 2
1771 2
1772 2
1773 2
1777 2
1778 2
1779 2
1780 2
1781 2
1782 2
1851 7
1852 7
1853 7
1854 7
1855 7
1857 7
1858 7
1859 7
1860 7
1861 7
1862 7
1863 7
1864 2
1868 2
1869 2
1870 2
1876 2
1877 2
1878 4
1882 2
1883 2
1886 2
1887 2
1888 2
1890 2
1891 2
1892 2
1896 2
1897 2
1898 2
1899 2
1900 2
1901 2
2093 17
2095 37
2096 37
2097 37
2098 37
2099 48
2104 155
2110 155
2111 155
2119 155
2120 155
fn=strncmp
98 1
125 1
126 1
127 1
128 1
129 1
131 1
132 1
134 1
135 1
156 1
157 1
158 1
159 1
201 1
202 1
203 1
204 1
205 1
206 1
207 1
208 1
209 1
214 1
215 1
216 1
217 1
218 1
219 1
1613 1
1614 1
1615 1
1616 1
1617 1
1619 1
1620 1
1621 1
1622 1
1623 1
1624 1
1625 1
2095 1
2096 1
2097 1
2098 1
2104 1
2107 1
2108 1
2110 1
2111 1
2119 1
2120 1
fl=./string/../sysdeps/x86_64/multiarch/../multiarch/strlen-sse2.S
fn=strlen
57 15
101 15
102 15
103 15
104 15
105 15
106 15
107 15
109 15
111 15
142 15
143 15
144 15
145 15
146 15
147 9
149 9
153 6
154 6
155 6
156 6
157 6
158 6
159 6
160 6
161 6
162 6
163 6
164 6
169 48
fl=./string/../sysdeps/x86_64/multiarch/ifunc-avx2.h
fn=memrchr
38 4
40 3
41 2
42 3
45 2
46 2
49 3
52 6
fn=rindex
38 4
40 3
41 2
42 3
45 2
46 2
49 3
52 6
fn=strchrnul
38 4
40 3
41 2
42 3
45 2
46 2
49 3
52 6
fn=strlen
38 4
40 3
41 2
42 3
45 2
46 2
49 3
52 6
fn=strnlen
38 8
40 6
41 4
42 6
45 4
46 4
49 6
52 12
fl=./string/../sysdeps/x86_64/multiarch/ifunc-evex.h
fn=memchr
37 4
38 3
39 3
42 2
43 2
45 2
51 3
54 4
fl=./string/../sysdeps/x86_64/multiarch/ifunc-memcmp.h
fn=bcmp
34 5
35 2
36 2
37 3
40 2
41 2
44 3
47 4
fl=./string/../sysdeps/x86_64/multiarch/ifunc-memmove.h
fn=memcpy@@GLIBC_2.14
56 2
57 3
60 3
61 2
74 2
77 2
85 2
93 2
96 5
fn=memmove
56 2
57 3
60 3
61 2
74 2
77 2
85 2
93 2
96 5
fn=mempcpy
56 2
57 3
60 3
61 2
74 2
77 2
85 2
93 2
96 5
fl=./string/../sysdeps/x86_64/multiarch/ifunc-memset.h
fn=memset
54 5
57 3
58 2
64 2
73 2
75 2
85 2
93 2
96 5
fl=./string/../sysdeps/x86_64/multiarch/ifunc-sse4_2.h
fn=strcspn
36 5
fn=strpbrk
36 5
fn=strspn
36 5
fl=./string/../sysdeps/x86_64/multiarch/ifunc-strcasecmp.h
fn=strcasecmp
36 4
37 2
38 3
41 2
42 2
45 3
48 5
fn=strcasecmp_l
36 4
37 2
38 3
41 2
42 2
45 3
48 5
fn=strncasecmp
36 4
37 2
38 3
41 2
42 2
45 3
48 5
fn=strncasecmp_l
36 4
37 2
38 3
41 2
42 2
45 3
48 5
fl=./string/../sysdeps/x86_64/multiarch/ifunc-strcpy.h
fn=stpcpy
38 4
39 3
42 2
43 2
46 3
49 3
fn=strcat
38 4
39 3
42 2
43 2
46 3
49 3
fn=strcpy
38 4
39 3
42 2
43 2
46 3
49 3
fl=./string/../sysdeps/x86_64/multiarch/ifunc-strncpy.h
fn=stpncpy
35 5
36 3
39 2
40 2
43 3
46 4
fn=strncpy
35 5
36 3
39 2
40 2
43 3
46 4
fl=./string/../sysdeps/x86_64/multiarch/memchr.c
fn=memchr
29 2
fl=./string/../sysdeps/x86_64/multiarch/memcmp.c
fn=bcmp
29 4
fl=./string/../sysdeps/x86_64/multiarch/memcmpeq.c
fn=memcpy@@GLIBC_2.14
29 1
fl=./string/../sysdeps/x86_64/multiarch/memmove-vec-unaligned-erms.S
fn=__memcpy_avx_unaligned_erms
255 12
256 12
262 14
263 14
305 14
306 14
308 8
309 8
311 5
315 5
316 3
317 3
318 3
319 3
320 1
321 1
323 3
325 3
331 2
332 2
333 2
334 2
335 2
342 6
343 6
344 6
345 6
347 6
364 3
365 3
366 3
367 3
368 3
fn=__mempcpy_avx_unaligned_erms
242 2
243 2
244 2
245 2
fn=memcpy
210 15
211 15
217 25
218 25
220 13
221 13
222 13
224 9
225 9
226 9
228 9
308 12
309 12
311 2
315 2
316 2
317 2
318 1
319 1
323 1
325 2
364 10
365 10
366 10
367 10
368 10
375 4
376 4
377 4
378 4
379 4
380 4
381 4
392 4
393 4
395 4
396 4
397 4
fn=mempcpy
197 10
198 10
199 10
200 10
fl=./string/../sysdeps/x86_64/multiarch/memmove.c
fn=memmove
29 1
fl=./string/../sysdeps/x86_64/multiarch/mempcpy.c
fn=mempcpy
33 1
fl=./string/../sysdeps/x86_64/multiarch/memrchr.c
fn=memrchr
29 3
fl=./string/../sysdeps/x86_64/multiarch/memset.c
fn=memset
29 1
fl=./string/../sysdeps/x86_64/multiarch/stpcpy.c
fn=stpcpy
33 3
fl=./string/../sysdeps/x86_64/multiarch/stpncpy.c
fn=stpncpy
31 3
fl=./string/../sysdeps/x86_64/multiarch/strcasecmp.c
fn=strcasecmp
31 3
fl=./string/../sysdeps/x86_64/multiarch/strcasecmp_l.c
fn=strcasecmp_l
31 3
fl=./string/../sysdeps/x86_64/multiarch/strcat.c
fn=strcat
29 3
fl=./string/../sysdeps/x86_64/multiarch/strchr-avx2.S
fn=__strchrnul_avx2
53 6
55 6
56 6
57 6
58 6
59 6
62 6
63 6
67 6
68 6
69 6
70 6
71 6
72 6
73 6
74 6
87 6
89 12
fl=./string/../sysdeps/x86_64/multiarch/strchr.c
fn=index
42 4
43 2
44 3
47 2
48 2
51 3
54 3
65 3
fl=./string/../sysdeps/x86_64/multiarch/strchrnul.c
fn=strchrnul
31 3
fl=./string/../sysdeps/x86_64/multiarch/strcmp.c
fn=strcmp
47 4
48 2
49 3
52 2
53 2
56 3
59 3
79 3
fl=./string/../sysdeps/x86_64/multiarch/strcpy.c
fn=strcpy
29 3
fl=./string/../sysdeps/x86_64/multiarch/strcspn.c
fn=strcspn
29 2
fl=./string/../sysdeps/x86_64/multiarch/strlen-avx2.S
fn=__strlen_avx2
52 2
65 2
66 2
67 2
70 2
72 2
73 2
76 2
77 2
85 2
86 2
87 2
92 4
fl=./string/../sysdeps/x86_64/multiarch/strlen.c
fn=strlen
29 3
fl=./string/../sysdeps/x86_64/multiarch/strncase.c
fn=strncasecmp
31 3
fl=./string/../sysdeps/x86_64/multiarch/strncase_l.c
fn=strncasecmp_l
31 3
fl=./string/../sysdeps/x86_64/multiarch/strncmp.c
fn=strncmp
43 4
44 2
45 3
48 2
49 2
52 3
55 5
67 3
fl=./string/../sysdeps/x86_64/multiarch/strncpy.c
fn=strncpy
29 3
fl=./string/../sysdeps/x86_64/multiarch/strnlen.c
fn=strnlen
31 6
fl=./string/../sysdeps/x86_64/multiarch/strpbrk.c
fn=strpbrk
29 2
fl=./string/../sysdeps/x86_64/multiarch/strrchr-avx2.S
fn=__strrchr_avx2
53 1
54 1
55 1
57 1
58 1
62 1
63 1
64 1
67 1
69 1
70 1
71 1
72 1
75 1
76 1
78 1
79 1
80 1
81 1
82 1
91 2
fl=./string/../sysdeps/x86_64/multiarch/strrchr.c
fn=rindex
28 3
fl=./string/../sysdeps/x86_64/multiarch/strspn.c
fn=strspn
29 2
fl=./string/./string/strdup.c
fn=strdup
40 15
41 6
44 6
47 12
48 9
fl=./time/../sysdeps/unix/sysv/linux/dl-vdso.h
fn=gettimeofday
40 2
41 2
fl=./time/../sysdeps/unix/sysv/linux/gettimeofday.c
fn=__gettimeofday_syscall
33 2
34 4
36 8
37 2
fn=gettimeofday
42 3
fl=./wcsmbs/../sysdeps/x86_64/multiarch/ifunc-avx2.h
fn=wcschr
38 8
40 6
41 4
42 6
45 4
46 4
49 6
52 12
fn=wcscmp
38 4
40 3
41 2
42 3
45 2
46 2
49 3
52 6
fl=./wcsmbs/../sysdeps/x86_64/multiarch/ifunc-evex.h
fn=wmemchr
37 8
38 6
39 6
42 4
43 4
45 4
51 6
54 8
fl=./wcsmbs/../sysdeps/x86_64/multiarch/ifunc-memcmp.h
fn=wmemcmp
34 5
35 2
36 2
37 3
40 2
41 2
44 3
47 4
fl=./wcsmbs/../sysdeps/x86_64/multiarch/ifunc-wcs.h
fn=wcpncpy
39 4
40 3
41 3
44 2
45 3
48 4
fn=wcscat
39 4
40 3
41 3
44 2
45 3
48 4
fn=wcsncpy
39 4
40 3
41 3
44 2
45 3
48 4
fl=./wcsmbs/../sysdeps/x86_64/multiarch/ifunc-wcslen.h
fn=wcslen
40 4
41 2
42 3
45 2
46 2
49 3
52 3
fn=wcsnlen
40 4
41 2
42 3
45 2
46 2
49 3
52 3
fl=./wcsmbs/../sysdeps/x86_64/multiarch/ifunc-wmemset.h
fn=wmemset
36 10
37 6
fl=./wcsmbs/../sysdeps/x86_64/multiarch/wcpcpy.c
fn=wcpncpy
31 1
fl=./wcsmbs/../sysdeps/x86_64/multiarch/wcpncpy.c
fn=wcpncpy
31 1
fl=./wcsmbs/../sysdeps/x86_64/multiarch/wcscat.c
fn=wcscat
31 2
fn=wcschr
31 2
fl=./wcsmbs/../sysdeps/x86_64/multiarch/wcschr.c
fn=wcschr
31 4
fl=./wcsmbs/../sysdeps/x86_64/multiarch/wcscmp.c
fn=wcscmp
30 3
fl=./wcsmbs/../sysdeps/x86_64/multiarch/wcscpy.c
fn=wcscpy
42 4
43 2
44 3
46 2
47 3
50 3
60 2
fl=./wcsmbs/../sysdeps/x86_64/multiarch/wcslen.c
fn=wcslen
29 3
fl=./wcsmbs/../sysdeps/x86_64/multiarch/wcsncpy.c
fn=wcsncpy
31 2
fl=./wcsmbs/../sysdeps/x86_64/multiarch/wcsnlen.c
fn=wcsnlen
30 3
fl=./wcsmbs/../sysdeps/x86_64/multiarch/wmemchr.c
fn=wmemchr
31 4
fl=./wcsmbs/../sysdeps/x86_64/multiarch/wmemcmp.c
fn=wmemcmp
29 4
fl=./wcsmbs/../sysdeps/x86_64/multiarch/wmemset.c
fn=wmemset
31 4
fl=/home/daniel/Documentos/ing.informatica/tercero/primer/arqo/practicas/P3_1323_P11/arqo3.c
fn=freeMatrix
70 3
71 5
72 1
74 2
76 1
fn=generateMatrix
12 10
17 4
18 4
19 4
29 2
30 4005
32 3000
33 3000000
35 6000000
40 9
fl=/home/daniel/Documentos/ing.informatica/tercero/primer/arqo/practicas/P3_1323_P11/slow.c
fn=main
11 2009
19 2
25 2
26 2
33 3
39 4
40 8
45 2
46 1
47 7
52 4
55 3004
57 3000000
59 2000000
fl=/usr/include/stdlib.h
fn=main
483 6
fl=/usr/include/x86_64-linux-gnu/bits/stdio2.h
fn=main
86 14
fl=???
fn=(below main)
0 12
fn=???
0 2000223
summary: 70130236
